2227 2270 3180 8982 8452 4577 5957 3425 6948 6866 1533 5710 5162 2930 9555 8594 7899 9099 5100 3672 703 5524 2183 7219 8852 4861 1349 5509 2960 3080 5474 5186 1701 5005 519 153 5933 2827 3577 2881 9692 1461 8590 1206 4390 4497 9799 8640 3595 4898 8664 4297 422 846 1515 5625 2058 9215 1133 5017 8646 2958 202 347 4314 7072 499 247 9899 427 3127 5942 1887 8068 7147 2628 2564 6945 7620 6158 1843 6283 6806 8616 7128 4672 4240 9186 3886 5372 4202 8884 4682 756 5582 8995 4179 6080 9241 4077
2858 8719 6371 4744 3139 3517 3723 5702 462 1342 8212 8656 7624 5017 7271 1104 9689 1510 6641 9926 3233 842 8809 7914 7949 4390 6909 8480 6821 2501 2556 9678 1220 5278 773 4358 8795 4496 6411 9256 5837 4622 4263 9813 5991 1533 916 5679 3042 7556 1956 2626 4749 765 540 9050 1506 3800 7529 4679 6300 6436 708 3871 1714 1481 8228 6860 2328 991 6115 4516 5612 377 4328 7954 8261 1595 9984 7654 5502 1940 279 6603 9056 818 2004 561 4617 9532 1591 7269 2319 2299 1139 384 3779 5719 7243 2458
6709 9709 6973 8672 6437 7653 2978 4697 9247 2961 2350 1101 4900 2629 7703 307 9798 9706 868 767 5589 2458 8035 4259 1108 5525 4643 4886 1243 1885 7343 4303 1594 668 9327 8030 8320 2304 9079 7566 1616 1428 8666 6516 408 2720 6822 206 8777 4041 972 4365 2851 5358 4976 3958 882 9618 5196 8477 7854 8890 9131 5799 9557 8457 181 7876 7112 9259 1794 8728 7038 459 1595 7446 9531 4768 4003 8307 5161 1326 9024 8011 6683 3999 8320 3916 9968 3515 2392 7821 8757 1523 3620 8313 6331 3800 6189 9795
9410 7982 4874 6447 4792 6468 244 674 7587 4246 5333 2747 5571 4356 7109 8605 4706 5429 2521 1025 5295 1264 5197 4051 9138 8816 2364 1821 8967 4904 1615 8376 9237 6488 1175 380 9307 1418 1054 6893 5664 6386 5992 7586 7093 3100 6191 8150 4880 5063 9174 175 6326 722 577 5464 9538 9292 7284 4856 547 5250 9584 9783 8089 758 163 7395 2175 1216 639 4190 3953 6630 8128 7397 6082 670 5546 961 5732 1071 7487 8409 1792 8064 3872 7681 3707 7507 2537 4254 2756 2120 388 844 9229 550 4590 7755
8117 5229 8297 8421 8210 6424 5817 4291 7093 1362 1604 9176 8784 5442 7584 576 9857 7808 8256 3564 5314 7144 4169 4422 5615 4556 1617 4843 5106 2559 2598 9574 4139 894 7995 8700 3669 3811 9343 761 1525 946 6288 308 6387 3871 883 6244 1678 5491 6159 3344 2634 327 4117 8249 4882 2085 9443 6339 4643 2040 5913 5133 9285 3907 3833 2953 7717 3175 65 9241 4120 2704 9549 6858 6575 6783 9453 4604 2273 5611 4299 1259 5937 4767 9507 7171 6852 8949 3509 7846 7341 9421 2979 2977 3327 6811 2282 7396
9985 8698 2988 456 1402 8888 3665 4328 2023 3118 5283 4295 8728 9582 5553 1017 4348 1411 8187 7551 6712 1695 5397 404 7468 8375 3380 7146 1537 2013 4541 7873 711 3881 4680 8464 9120 8344 2791 1142 1461 8073 1789 6541 4006 3693 3909 8354 5104 2095 5904 1815 141 7652 8570 7608 6026 1949 4754 3914 314 5646 1786 1024 5878 6465 9487 4998 1161 8629 2491 2621 6701 4279 5513 707 7972 9421 5412 9427 7867 7667 1241 8008 5319 6162 1967 7696 4462 6720 1610 4775 8718 9747 5798 4595 2564 1636 9592 3724
6616 2083 2696 9669 2713 8209 375 684 3981 2138 110 1848 9804 7702 9855 1474 3863 1821 9170 4677 4893 7131 9451 3610 3229 1601 8204 5792 3236 4148 5867 6204 2582 8563 5872 5294 3123 6246 2330 7103 4735 8791 8950 890 2845 5156 2364 3059 3329 7885 7735 8221 1367 7186 1830 4595 8786 6385 6739 8373 6884 2605 4576 9465 7519 447 1111 641 3044 9792 4096 4130 8582 9397 5020 7778 4553 3735 837 7881 7971 4923 6101 9337 2108 4282 3931 7245 7018 669 1970 3902 9626 6545 9718 7144 3344 7180 4137 2739
6971 8232 6869 1905 7628 8240 6034 8532 1974 6870 6412 6296 8145 8864 5632 252 9497 5914 3849 6515 2935 5818 6768 2560 8714 6485 6055 2057 17 191 4796 3339 4774 8016 5243 2402 6255 7629 7285 4580 850 3697 7227 8994 8912 2858 9246 8409 5123 9446 4923 8057 5263 8042 6968 3976 4526 9375 2385 894 5917 7180 4233 691 1547 5827 9444 4153 3455 6728 5084 4305 6776 2310 3298 5688 5167 8895 4096 6641 8340 5370 1050 3602 3411 4369 3930 4288 3743 6314 5182 9660 9845 5766 350 1391 1592 9793 1895 5047
2872 6978 5703 9648 9287 9000 5335 805 4247 5782 7445 2586 7503 8494 2540 7265 9215 2821 7904 2957 9134 9437 2616 8978 5202 9317 6720 6794 5461 8614 8192 8333 1943 3894 4332 1229 9245 6018 8385 3491 8151 2181 2429 5653 7027 4968 9269 6241 7788 7172 9197 3273 6609 8165 8602 8162 7481 1673 1307 9294 6638 5850 3978 8580 9743 8309 6160 5340 4326 4544 8830 2476 6724 1258 4480 3750 2577 3748 6342 6716 7271 5539 6340 231 3703 4941 8393 7535 6613 6051 3180 9602 1901 7157 8181 7995 5465 4340 3334 6142
5235 8516 4969 8311 9773 5800 8412 8702 9547 4754 1769 3170 6644 8109 3400 6698 3049 8144 4232 6014 547 3764 5615 2447 920 148 441 2737 839 127 8878 6074 8642 199 736 4766 5998 9147 3467 1897 3900 5236 5066 6895 9696 4817 3592 2744 9313 4176 5109 9859 7939 7076 2305 8858 7223 9097 1594 8061 5575 6824 486 4216 3374 1221 8982 5723 368 8800 7619 619 387 9036 7514 82 205 1105 9178 9517 5280 4286 9375 3218 7713 8031 8428 4935 3479 6373 9348 9054 3196 9833 3269 2921 7406 8602 8644 7773
7402 6262 4743 7788 1650 8608 7870 1854 9713 7047 1370 1344 7684 7096 914 5397 5126 9341 6683 8604 2065 2382 7657 1613 2215 7278 4533 9620 5879 3176 3744 9632 5790 8486 7420 3791 7094 1641 5644 3158 5039 3365 853 9074 6812 1766 4470 8289 7458 7505 3244 9523 9886 901 1135 8452 4530 2019 8071 6760 5195 8166 6392 7336 3004 3811 1126 97 1803 3121 9606 6841 2837 458 5914 9648 8576 6736 4288 2385 4240 7531 1907 477 4783 9393 8929 9312 7764 3351 6072 9310 1517 2463 6645 4520 2625 4122 968 4427
3594 6925 7619 6430 7382 9884 2429 2309 6619 6716 4694 7210 4246 2952 4039 9029 8697 2967 4692 6460 2669 7115 5769 537 9577 8765 5056 8553 2886 2375 9331 2831 5651 6949 9260 9385 3185 8040 1693 9803 1107 2738 3365 1704 5690 7403 7084 4386 6721 1776 7197 9389 8890 2965 9926 4819 1729 1333 9723 966 60 9054 3796 5710 2354 9407 5094 5538 3798 6787 1693 4904 9524 1409 2959 1565 8811 43 5950 1883 8170 9498 1271 3411 8814 1196 4581 542 8881 4304 7859 8940 9709 8006 4649 2062 3764 9743 3952 7561
2881 1996 8816 8756 3404 1775 321 8566 8169 2622 448 2690 2120 1718 6100 933 9266 7033 7827 4498 1336 2037 3437 1044 43 4437 9457 3806 531 3408 7719 3411 5403 2886 2167 5158 1012 8839 3723 9180 1460 4170 8221 9931 5888 673 864 1505 7705 5042 6002 9040 7078 5790 6435 3472 226 2243 3630 757 5651 1348 519 7405 4233 9037 2563 5245 7875 2637 776 5687 6807 8997 5617 9046 9669 2832 6902 3725 7873 2903 9116 1303 5044 5550 4774 5269 4144 8403 2377 9794 6102 2896 3551 6687 8284 2465 8283 6159
5101 5410 1845 8259 4406 3813 7304 426 6645 557 4150 869 3459 9617 2171 4854 1518 6945 123 5662 1699 8851 5455 4153 1746 5357 839 30 4173 5473 2540 5626 882 736 3884 1640 4548 7540 2065 7544 8096 2567 8413 7907 8535 583 2760 53 3879 9234 5714 1930 8085 7520 6082 6182 2877 3272 2563 3401 8744 5102 9026 9625 2189 9262 1264 3089 6801 9681 632 1248 8599 5396 5506 7133 2331 4618 7185 6209 3851 2898 4490 8287 6770 571 4469 5998 3842 7031 9398 2585 8485 8424 8562 7025 4037 6177 113 7189
5857 7097 8436 807 8844 294 7940 1174 4911 1476 3735 5113 726 8224 3400 7495 8795 4220 3492 8988 7602 2889 7925 2438 7664 6486 9463 8052 2662 5927 5240 4871 3023 28 5677 1867 321 9968 9392 1583 1444 3126 6695 8521 1350 6446 6015 6496 665 5858 5483 4619 5098 3407 7056 9114 6244 6518 7165 8906 8797 2405 128 8171 8784 5804 6389 9104 2124 5781 7038 3567 8906 84 8439 6607 2882 805 3102 9898 6662 8585 4516 8111 8343 1572 7224 4587 4441 4389 9844 3237 3145 9971 1408 1928 5774 7796 7383 7897
3576 772 7815 8834 855 2605 5440 3736 3409 8542 3634 6422 3478 8149 4533 1820 6072 1756 6406 513 2496 6249 101 1992 6219 1508 271 8345 5656 7653 2593 5583 8424 6760 4416 5631 9364 6208 9366 2773 4749 9351 9194 8226 3852 78 6397 9923 1834 2803 6787 681 5403 6888 2673 1622 4747 2943 6318 6754 6948 8910 2337 1723 5669 3104 7353 1385 9311 3071 4157 411 2421 9702 4988 2624 9780 1385 2547 7965 539 5685 8645 5941 8924 7669 3914 23 6964 231 6776 263 5493 9112 1985 1161 8568 5690 8897 4230
5112 3053 4641 3884 9107 5980 6508 8886 7364 5406 3202 4254 1090 8198 195 14 2219 4108 36 9182 691 3163 5796 6183 8627 4132 3695 7194 9821 2592 1423 4932 1996 2415 5168 1102 8395 1675 6339 5758 7080 9540 6364 4521 7738 6558 886 9956 7017 7273 5489 7707 436 1284 3889 9062 5415 7584 2607 1588 175 4029 2871 8522 2796 8038 9624 1190 6064 5962 3299 9495 1854 9662 4016 9591 6219 1253 5898 9588 8526 7738 7294 5313 5373 7535 4374 7139 5118 3332 8726 1644 3712 7949 165 6507 2338 6140 7696 4754
2102 7347 4248 3955 7008 4615 9897 9579 5868 2146 9166 4393 9883 2811 9705 5255 345 430 2393 5462 3761 7471 3457 7472 1771 9974 3979 460 6113 8026 5213 4566 5372 9461 4872 8732 4075 1120 8310 9942 3265 3827 686 9499 6637 6742 1105 6982 7171 9850 8795 7283 7320 8604 1107 5442 8577 1437 5901 1041 9462 1114 5607 1186 6926 478 9917 1000 1598 4578 7294 1214 4756 4331 713 7744 1073 1817 1077 4595 8018 9872 1878 1689 4827 9336 7130 3403 772 9383 795 6585 496 6401 7770 7421 3231 4038 4772 1180
4967 8417 2393 9722 2748 9457 7466 3820 7626 8542 8414 5643 4765 6643 7332 9591 5978 4461 9345 6749 3843 140 3334 690 2892 7455 4462 2474 1493 5586 3653 6459 4002 2398 2533 6749 1854 9998 568 9479 4891 5334 1474 9656 8328 8805 9246 4306 9617 4943 7406 9812 1434 7091 501 4325 4546 1315 6799 2390 6900 6803 5200 901 9200 7732 7650 1054 7729 4569 6884 8972 9902 8357 8627 8230 7161 4224 8887 3130 5518 2644 2941 6951 9735 9793 7628 632 1107 778 9373 8006 7580 4572 8907 6780 8656 2908 4185 2736
7476 1068 1707 3730 5777 333 8311 2937 909 3549 2418 6426 6192 5358 3377 2278 5151 1004 2909 6257 1781 8633 615 5712 9557 5873 2491 8212 8780 3027 947 2607 4095 9006 2688 6223 9338 7350 9159 6598 898 1577 3024 7090 3286 2752 9367 8436 107 8628 1045 1887 3612 8011 3950 3168 3883 2793 1379 9014 5819 8678 7972 6265 7683 660 2487 3372 8009 7998 9970 5259 5926 9345 2348 9211 2096 8066 3999 2202 3045 1395 440 6657 9405 741 9824 9639 3533 7555 8652 9352 2584 6623 1968 6618 3634 4455 6341 7995
2452 2662 3253 8377 2006 1952 3939 453 17 4289 9006 9414 5683 5797 6070 1439 6538 2245 1077 70 6151 6080 5773 5086 9055 7741 1703 2688 2195 8044 7034 998 7057 6638 5726 9063 8589 6016 5867 4958 305 4873 4371 2339 669 6792 3778 3558 5388 1206 3628 7891 7286 5752 2976 6340 9844 1031 5379 8390 5426 8765 9387 2482 5402 1464 7896 3991 7480 3763 5300 4136 8635 6022 6474 5655 9165 6603 9213 4552 7809 9192 8794 5094 1295 8122 7785 1139 9152 3163 9528 929 1927 5267 9762 7329 6730 7658 7671 561
7772 9322 4696 6406 5343 1170 8412 4507 4124 3976 5410 1932 9519 4204 7025 814 2325 1161 1952 7828 4324 7831 5108 2602 3097 4869 6282 6179 8878 304 6739 6649 9625 1435 9406 4967 8956 7818 5825 3079 8145 7587 1363 7664 1790 4739 8477 466 5900 6780 4645 6575 962 9752 9176 4059 972 1810 237 9850 2113 6975 2850 8090 4761 2256 3056 68 6425 5233 9499 4569 2819 861 2232 960 5599 7060 7777 1498 191 2421 8072 1153 8524 3600 1563 5847 5409 8151 2048 3873 1477 4898 1962 6238 3505 5018 2657 9929
6602 2155 849 5772 3015 3081 6731 8614 6492 4507 111 3035 3279 4535 539 8154 8134 2101 4000 3542 251 6048 7414 8079 945 9376 4316 4449 745 6973 729 3698 9127 1577 9469 8494 1009 6199 7107 3853 7057 3569 6887 6687 8103 3777 4840 6236 5877 8839 6129 2479 4886 3543 557 2182 9270 1225 2982 6366 4549 62 63 27 1639 9531 8520 8999 2081 1978 2851 5489 5547 6089 2175 3649 9865 7014 6237 2093 5852 2365 923 7090 2259 7832 5623 7880 5408 4957 4245 9956 5018 4307 6334 3008 189 1206 2007 2269
3183 1209 4109 5081 3650 6283 5082 3514 3296 1318 1959 5500 34 2881 8941 8645 712 915 6524 6119 5871 769 2426 7241 1427 8760 6600 1616 6317 4958 236 9499 6167 4345 932 6168 6979 6013 9681 6627 3682 1639 2126 3715 872 7418 2359 1583 8332 8883 4054 555 6003 6479 4147 7429 1590 746 5396 7906 5704 1984 3757 8222 2680 4688 4389 9658 700 421 6284 4381 8412 4761 4447 9283 8530 6806 7217 3214 2040 1270 3768 8042 4101 4266 1822 2042 5011 3570 9948 7066 5553 56 1639 4584 4743 2379 593 1794
2800 6877 2526 7563 7989 6972 6845 2871 129 4061 6084 2168 1683 6203 6561 2135 468 8383 4176 1830 1952 4123 5248 3856 530 3238 8439 5272 5617 9031 3417 4768 2259 5942 2330 6600 2914 9174 9470 9394 9586 1905 1562 7620 8107 8122 9754 4926 2856 3930 3107 1159 4404 8354 5014 4934 1592 9804 6557 3560 5187 9974 8327 3797 2267 656 396 5180 6181 6217 4574 2118 8121 2487 6090 2579 6960 5843 7504 9816 6124 6963 974 6880 5316 2340 8165 3259 8495 1073 6818 3681 7398 1496 3830 9665 8503 4225 4844 4683
6794 5769 3153 1266 4607 9242 197 1567 1436 4052 7734 3912 1014 8707 7143 6330 7398 1659 5940 2245 2731 9110 5925 129 605 6106 9793 9108 331 988 142 3476 3109 3294 4741 7715 8887 1289 5633 6675 5341 3366 6938 6354 8425 4080 9035 2174 2090 4975 4418 4820 4084 6695 1300 1040 2800 7444 147 3130 4784 289 2957 4244 9934 4050 8310 5173 5338 3943 8199 678 3660 5136 7032 2084 5567 6066 4258 7656 7392 8675 8827 1475 5369 6479 8867 8169 3922 9013 7650 5057 5653 6959 9300 1939 1008 3962 3463 2697
4256 1661 3375 7915 3148 6758 9999 8714 9175 608 2721 6567 9282 1547 4393 1003 4377 3259 5523 4651 2272 3172 9707 4276 6482 5359 6214 7489 9320 6028 6538 9927 7688 9912 7841 7187 3021 7839 5900 2195 4798 4972 8761 432 2871 3154 1434 7247 6412 6956 1897 5035 6479 7956 5663 2961 3314 8228 6801 8985 4256 3338 8911 8295 9601 6751 5482 2621 942 1381 4816 2091 2705 3576 2522 5575 3081 3955 2821 5845 7262 4718 7231 3741 2673 2893 3053 2338 1121 6205 7674 5376 9543 6584 3670 5495 9686 9151 8116 6979
6884 9283 9070 9588 9210 1591 5162 2291 1898 4334 8135 9159 5403 1717 9251 4427 4610 8655 6764 5730 4860 4437 7457 754 7372 7478 6248 3410 6629 715 6740 9864 9997 5809 5803 9207 3752 964 1497 5649 1649 5983 4807 7052 7699 4058 1478 8660 2712 4594 741 3923 5382 8197 4676 9106 5675 7276 2515 8655 7990 9254 4870 7987 1415 672 3545 5166 7987 1393 814 9635 7375 1972 6686 1425 2381 4516 6437 1445 9109 7177 5367 4490 1726 43 3595 7400 3670 2461 2406 1659 8067 7275 5997 9481 4298 9541 4646 2284
933 5459 1918 4659 3782 8604 2436 6163 9471 8872 7607 8579 2400 2973 9420 4125 9367 9367 7876 3036 1827 281 4695 9893 3907 691 9373 8204 232 370 6839 7516 2180 8757 2175 5962 3712 4610 2124 3182 9833 9730 1760 2232 9054 7531 6357 8421 6897 4232 1456 5076 865 2502 1320 4771 9545 7045 9327 6128 7414 6165 3643 9594 1273 2169 1907 4984 6778 4030 8165 6610 111 6276 5194 9164 3807 1550 3936 7055 5781 5392 2130 2997 4245 3450 7768 3789 494 3446 6268 7907 5962 6263 3852 7235 8431 2110 2218 5209
6139 6735 8170 2601 9362 9715 1765 3168 1264 5700 223 3397 7443 8704 6393 8040 2153 512 8180 8998 309 4448 3257 6271 710 7108 9857 9140 9218 8426 700 1708 5160 5222 4309 4522 4936 2425 4041 2552 4476 615 5948 8271 9319 8692 6310 7823 5556 4489 6821 5864 8936 77 8486 5997 3536 8342 1489 2753 6768 2188 813 8279 3761 1473 9152 8697 249 9545 7600 4724 159 9899 2994 9477 8590 5655 3652 4145 144 472 6361 5431 548 4846 1428 4083 9540 9268 3188 2659 1455 352 937 1568 1824 6441 6616 2072
5985 4215 3147 6143 4113 2493 1972 9054 8147 5623 9551 4642 2446 5911 6425 2993 7108 4204 3427 6647 3471 6614 9305 1277 6965 6594 2844 5140 3034 9459 3563 5370 3673 6710 7864 4137 5554 6187 3191 52 8161 2741 4694 606 8651 1118 3598 5758 5321 7025 8757 5143 9990 8061 6419 6955 1006 9263 8446 391 8721 2009 5760 8746 5070 3624 2882 623 9810 6072 674 7971 8812 1719 8576 7462 9188 8526 9572 860 1902 8328 6002 1891 2740 2421 5197 3746 1683 3643 4136 6755 2003 6248 5500 7072 9871 8382 7694 6032
4453 4719 4002 3265 6438 8930 7078 5625 7455 3001 6485 5708 1328 8838 3950 420 1258 9147 517 9292 9141 1004 6047 1143 7251 1546 8214 7121 9927 2259 3153 4380 6977 3506 3996 9766 2435 1073 1743 6241 4074 4579 1948 1753 3416 5898 8524 1026 1396 9040 317 6888 44 6363 8030 7294 7909 2595 767 7835 1205 3919 2214 8181 3776 2561 4299 6211 3634 6041 8803 4059 6971 7103 2163 386 9352 687 1411 747 6078 1728 7634 6121 8090 2015 9767 2350 961 533 185 2165 803 8750 6697 4578 1311 995 7140 1296
3387 5943 5354 357 9397 3868 7095 8748 4554 4857 9494 632 2936 3479 3104 7378 1845 2870 9727 2805 3402 9911 4969 556 5013 1665 5134 2675 2660 8625 3970 2398 919 5675 2755 315 9542 9849 9062 448 1057 4907 1079 3993 8385 534 1370 229 3404 1096 9385 3157 7359 4353 3713 2371 6018 5198 1397 5029 3822 5366 7426 4741 7392 6532 1407 6933 2732 469 3732 3789 5375 1162 7781 112 1696 9150 340 5099 245 6077 4607 3955 429 4671 6325 2798 9868 7721 7826 42 9438 1604 1134 6829 4487 2540 114 7219
9360 3845 1007 4735 1359 5139 4846 3054 4288 1537 4504 884 7613 9110 4839 4394 133 7515 7191 10000 1588 1369 6393 7377 2972 3878 558 7458 2770 671 1028 2129 867 8386 3215 2225 3524 4412 1630 4163 5949 6133 1399 9913 1595 6237 4306 1727 103 1497 8078 8042 2865 823 5419 2188 4700 5976 5997 3821 2998 3377 2302 3864 1762 1868 2441 5286 6280 4070 5800 8580 6555 7198 8492 8149 9786 2798 9875 9889 646 7952 4282 9862 5126 9700 2049 6178 5675 4397 9998 8672 7773 8651 8888 9535 519 7680 1172 6798
1749 3323 5377 4655 521 220 2803 306 9369 9029 6546 14 3333 828 9875 8458 527 8275 4635 2554 9024 985 7577 6796 9635 2816 2682 6505 495 205 9654 8596 3528 1382 3250 400 1602 2405 705 970 1433 3603 7336 1117 4430 7210 9575 1308 1837 561 213 860 1545 7790 4007 7532 6957 3041 388 7452 9597 42 2399 3124 7775 2000 9875 5728 4404 580 3050 2189 534 385 3305 4963 3946 9231 2622 5782 6144 2835 2993 7688 6976 3352 1571 284 2744 1959 4087 2340 8352 6485 1816 6126 8485 1690 8206 9240
8621 1255 1428 9154 1639 1085 468 5584 6667 3090 7718 2810 2276 7062 6850 5603 6765 8420 5886 9508 6730 9973 1848 5081 2809 15 7559 1293 1704 5764 6885 325 7018 8312 5830 5008 5748 6298 6943 2415 5739 4660 1576 4366 8074 8425 6320 4838 6845 8557 4346 3574 4881 2545 5007 7690 2559 8917 5334 614 1032 2218 938 4401 6882 3120 9408 2629 5769 6350 1395 1507 7362 2971 2224 1787 1395 8543 6624 4591 7099 7321 4517 1980 6217 9523 6021 5127 4791 1354 5741 5822 3572 3030 222 453 6149 9629 9433 1917
2330 7180 9775 6043 150 1998 7829 7896 6892 805 2487 3991 4477 7003 2322 694 2877 8342 5820 7667 6047 7912 3488 5970 942 61 2774 3442 9689 2207 1711 8370 9386 1485 4413 5887 9835 8593 3782 6726 9397 6268 7068 3874 9622 5741 919 2498 434 6738 164 6481 1002 3 2450 1943 63 1576 5384 6103 3782 7094 4473 9519 4931 5237 1757 4765 3829 5538 7842 3226 8158 4910 3451 7779 650 4369 6629 1084 7458 3144 3916 8459 3147 2717 401 9561 4292 2137 5664 4425 5582 6488 295 6864 8076 2051 1628 8256
3941 9470 1481 2098 731 1283 6228 7732 5651 2856 5167 3109 2352 9082 7919 1850 8151 8320 1410 2442 6808 3425 3219 8741 6264 3513 5605 4339 1916 3584 2595 5856 9405 427 7953 135 1710 532 7867 3712 9740 3033 3172 2091 8467 1091 3940 6617 5762 1701 5410 8921 5126 4980 7661 7741 8493 9617 2080 6760 9553 1026 2615 8957 7804 6919 5444 5865 7450 3310 9577 3541 2694 9100 1983 7512 190 2274 4128 2303 3975 5890 1223 5452 869 5236 9544 5713 4852 1623 2472 4404 9000 1438 9713 6804 8356 5156 9020 2158
4817 4948 2050 7510 4048 4033 5022 4237 6306 5501 6540 6632 7742 4114 8435 8611 9349 7979 675 553 5953 9499 4956 4953 936 1020 8108 5644 6175 7127 7801 991 8427 6202 4853 2474 234 6226 3062 2892 1726 9601 9523 9468 67 4310 4430 9415 2288 5104 9967 8240 954 1275 9544 1890 2294 4003 7533 8469 7482 1685 5811 5908 7886 663 8381 4472 6888 7794 7363 4966 7395 3237 785 3813 7546 5214 3227 6185 6669 9546 777 7623 820 320 9512 3113 675 3396 7933 4508 1432 3744 415 5669 758 5147 140 7646
2940 3854 2611 6686 7091 3395 498 988 4960 77 7173 1628 9622 7949 5602 6793 4620 1465 9905 5294 1212 4190 9801 2643 7933 6567 8312 8690 8065 4803 2687 7357 8657 1649 394 5747 1395 7244 3086 6354 7320 258 4334 3293 8206 6287 85 2826 7752 9989 4471 8963 530 4272 7958 8462 7190 6269 3504 1607 7423 6190 8963 6079 4191 9356 8177 5585 6599 1263 1939 3918 1520 2624 3562 6078 8910 3646 8903 6661 9987 3373 1976 516 3996 9933 5330 7538 2553 8833 9144 6327 1374 8106 2406 5564 7461 6934 1149 412
8196 9439 681 6068 2062 4243 2145 971 7888 7399 3984 4226 7123 2311 4742 7471 8595 71 5008 7499 5255 4151 3825 6628 8608 2582 8544 2420 9516 9692 2831 4063 9130 9864 130 7543 4106 8626 4865 8345 2376 5200 2571 9499 3862 7312 6969 2456 3734 8328 9954 8988 8830 131 1967 3789 2712 510 6208 2227 6553 5391 2642 2034 5254 2771 9576 5711 7749 793 4055 124 5992 2977 5974 9854 6640 2942 8661 373 7621 4967 5712 6450 5097 7679 238 4160 4540 2798 6387 1093 8188 5380 3126 9793 8150 9054 1855 2250
6198 5909 2374 8541 5238 4699 8394 1877 3993 3407 2250 1613 8373 4313 4415 9821 8343 4652 3980 2883 3801 6718 327 8340 2097 9804 4484 6599 5209 6338 8848 1406 8599 7573 9947 3836 2272 4692 5712 2616 8098 4313 4228 2822 4978 8642 8994 3320 9646 2974 2554 9798 9691 2880 8138 8140 9036 2621 4738 4244 8959 9937 5650 3909 3862 1948 7744 2485 2991 9807 5100 1089 472 9327 262 5449 4321 9256 8768 318 8581 1322 115 8271 553 4604 2762 9588 7225 3851 184 2535 3788 2185 6443 7649 4132 538 6485 7122
344 1584 4562 815 7262 1176 2615 7934 431 1383 8251 9011 9056 4718 3633 9608 9321 2747 5548 2897 6597 5731 1783 384 7915 4577 4384 2046 5114 868 5519 1810 8803 81 8976 2417 1256 1591 350 8038 2973 4953 3400 8380 6022 3384 7987 1694 6130 3534 4591 2727 5616 6373 3110 3530 950 3846 1927 2415 1065 7446 4224 6220 3878 9552 8636 1485 1142 5337 9522 466 289 9273 8845 2662 2656 3183 4356 8786 3069 8946 1512 8684 1670 973 8566 8971 1170 492 1386 2235 4289 1961 4806 8166 7864 3441 9650 9005
8777 5523 5822 5418 1147 1018 8079 3803 553 2434 8940 9973 7731 6803 5008 5753 4127 3573 4723 5297 417 2460 3883 4705 773 8688 9223 8636 8480 5224 3993 7256 7099 9814 9025 8245 7184 7104 2047 4088 5889 7338 4060 9972 4140 9067 5724 4619 8992 446 9915 9408 9258 149 464 30 5188 9686 8665 3667 4910 2657 7274 2008 8823 6299 6604 6006 9754 5003 93 1994 2340 504 1965 2832 9570 7688 7450 8561 4486 3716 4320 95 3864 4784 124 9051 4469 8788 2717 5730 7797 9990 4089 6619 2640 693 8976 2393
5695 5420 4387 8034 5923 2703 7217 5492 6743 4666 405 7580 8381 4724 7674 2244 5859 4149 7646 6680 2936 6714 2409 7084 3056 2850 3702 5695 3542 9029 4440 9236 4448 5178 3621 370 4232 7190 2214 974 1855 2618 8553 6588 3693 2578 5183 9552 6726 2829 2583 6014 9542 4991 3097 8949 7840 3151 4644 7733 2179 5435 3320 2979 612 6941 3348 4843 4130 1913 2169 2336 882 7073 8923 4575 9651 4106 478 2728 3286 3060 8741 2827 4402 8190 1776 8594 7692 2771 6326 6222 8205 9646 9200 5168 2938 8900 6362 3419
812 8530 5754 1694 5603 1029 2620 1605 5134 9449 4332 8419 2508 9425 7597 3261 3966 5724 1854 8009 8494 8180 4230 3050 4177 9782 4569 7114 8681 931 532 5844 5812 2637 7537 7766 3665 6508 9370 8798 5956 54 3568 4815 5830 1165 8076 9795 3240 6281 4155 8086 812 8384 1135 4988 4517 2056 2101 9549 2986 8984 5393 5149 1621 9281 2915 5285 5789 2284 435 1744 8689 4002 2911 4518 1518 986 664 1110 3618 4818 9195 4430 9554 6681 9417 4070 8736 1518 3619 1721 6853 5363 6870 8473 4643 9784 3758 6783
8419 544 4879 7108 897 7789 7977 8767 5126 8641 9876 8743 3458 9070 9524 9363 5750 8941 9785 4486 6810 3403 2558 3662 5117 5779 2135 6111 1914 2244 2894 333 2787 4124 3792 35 8264 1768 8801 3389 6760 8676 8483 6570 7745 8007 5932 3495 6947 5716 4332 108 5470 6889 3769 6938 2668 2255 3049 4581 850 2294 1265 3636 6417 1408 23 4680 9528 8823 4420 6287 7499 2902 9208 1595 7260 1492 1441 558 7207 5772 665 9029 9013 786 5966 8032 3040 5366 8964 3890 7659 229 3877 4075 7988 3899 5106 7515
9074 9525 154 6572 8779 5713 4518 6038 7204 5959 2948 763 1730 3612 9791 7094 749 2108 5125 3789 3826 4089 4030 1484 669 7906 1911 5008 8157 3368 2523 7230 2893 9028 153 8023 4740 4670 412 1944 628 3359 9058 8710 3323 5200 2155 4071 7307 7280 7859 7484 7720 8240 8968 8388 2498 7230 3395 654 597 2269 4235 9841 7648 739 7863 8740 5408 8275 7035 2388 1633 6092 7449 4955 1291 9603 5378 4949 3234 3236 2433 953 7828 1400 5692 325 4981 5439 7330 5577 7707 1564 1770 1707 2302 9632 446 4061
4258 7480 6448 2243 3571 3896 3549 1213 9851 8926 6161 3084 8514 8593 4037 6341 6344 9728 6665 7676 5166 3994 3253 9225 1909 1374 931 562 1005 7728 4622 1615 5207 7422 3857 5129 7669 7405 2693 7519 6331 8853 603 4844 3798 991 1184 141 7070 4200 4169 8588 4545 3773 7812 2805 5146 5094 3366 2502 2821 4339 4116 4379 8112 7972 5859 5781 5377 8551 9651 8059 3755 6605 2902 7552 7595 437 4045 4665 988 8213 3252 5532 1985 7415 8336 7130 2508 8053 9631 1680 2391 99 2410 503 8070 4620 2635 9798
3170 2285 7856 3276 8890 7109 828 6484 3897 1224 7500 4884 9436 7103 6767 7772 4517 5102 4901 3376 9506 883 1407 1897 981 168 8751 5403 4787 1385 5200 4308 3669 9408 7584 8910 2868 4763 1746 6765 5986 5597 8000 1773 2700 4767 9544 3568 6220 796 3296 5726 1678 1054 3974 9011 1222 2724 765 2360 460 2316 3020 480 1723 6955 9390 943 1717 7487 7707 4054 3083 2058 5826 5782 6824 5369 5702 9396 6164 8997 5121 4193 50 5446 9555 7623 8169 319 9983 4980 2635 3002 5459 709 9956 1200 1651 8024
8686 5709 2077 8121 7767 4254 3902 942 9622 5955 337 2137 4951 1809 6329 1353 7254 2236 8975 1774 2554 8957 3105 5188 8310 4916 5897 4617 6115 3899 8992 1153 9608 1068 9273 7374 5321 9526 4667 1294 5481 1356 9782 6783 9516 6111 8135 6770 4698 3462 4895 7251 8770 4352 8791 7080 9267 4687 8048 5381 4937 7040 2885 4544 4459 2157 8269 6132 8035 2936 7425 9867 643 7207 6649 158 9669 1136 3279 4366 4597 8174 7968 9718 8877 6758 6797 8143 7796 1197 9875 2733 8236 2760 7276 2694 1268 1897 8825 9302
4832 2602 5520 5474 6160 8521 1983 5828 9656 5262 6545 604 9787 4512 321 8663 7622 3470 6805 5417 4666 6679 8149 2901 9438 1777 1946 7058 3673 771 2711 4856 9724 8231 6681 5883 6751 8663 8062 6406 3924 958 3361 3710 1821 33 8724 9442 3502 5528 4859 4519 8559 9359 3771 7996 7487 5717 1405 1159 2839 4116 2366 2562 2346 9046 8444 9096 4061 2857 1853 4336 3814 1565 4398 5634 1597 3121 5076 5099 8649 6286 5969 7207 1996 9740 1554 9483 5456 9311 6993 8294 3426 9359 7207 5771 4756 2002 1218 5168
4858 3070 9504 8671 4634 3901 4304 6230 7021 5731 7680 2021 2016 3649 5579 4012 3388 3485 9846 5195 2795 6838 9840 6220 2548 7046 8342 3656 9047 9559 8823 3904 2628 8326 8926 3613 2226 3229 6194 5599 8960 226 7619 7327 3874 9550 7690 3613 3034 7535 8807 5828 725 8646 8399 9624 2043 6740 9631 1089 6298 8454 1344 8925 3131 269 8889 1709 9849 5082 7307 5160 5307 1277 2487 5532 826 6528 5496 3859 415 654 6038 7491 9299 4436 7114 7693 1175 3097 8781 7472 7902 6476 2748 1032 6744 7988 9092 6593
3070 6398 1752 4728 4027 590 260 4852 7118 5755 5063 7532 6409 1100 1374 2059 1888 4839 9752 3062 7935 4884 6886 5836 7712 5985 6868 4455 3973 5959 7399 3394 8709 5503 8121 2735 2444 8380 3938 9561 487 9000 3444 3247 6452 1169 1657 4691 6008 7760 4104 3942 2644 989 9778 6707 3326 2997 1161 7298 5307 4912 7043 367 6766 5163 9453 9209 9895 3391 5122 6733 8742 4917 9979 1545 6086 1635 6235 2093 9395 339 6034 8390 7679 2163 5096 1004 1511 2608 4653 6818 3871 1695 3536 636 3210 2989 9845 3104
2731 4966 9836 7824 6234 6166 9369 2319 7800 1955 4411 3546 8645 6797 8287 6324 5311 3382 3679 6822 2342 4684 9991 6212 6378 3526 6848 5939 2866 6692 9042 5596 8009 5229 3420 4242 1394 9140 2913 5546 1094 3675 9091 9739 6823 7378 2414 2134 7111 6092 8955 9452 775 5297 5664 3505 8822 8863 5795 1688 5554 4837 3635 9914 6417 3406 507 7811 2545 3419 9708 9991 3446 5150 6081 268 8879 8494 2401 5990 937 7707 1793 8064 3003 3808 7920 8177 2670 3714 6216 4575 4902 6202 4488 1319 9608 1347 5481 2152
1117 5188 8494 4562 337 4574 1182 5568 9419 3582 1557 356 7641 9701 4771 6995 3509 2690 1523 6178 6403 7738 753 1305 3940 1592 8975 9899 9290 4455 8402 407 5994 6896 1320 2682 7821 2501 8249 7240 2435 6157 3947 75 5858 8717 7069 9366 7758 8592 1895 4160 2681 8999 1816 2972 6943 7142 2870 6232 1596 7624 2990 7589 4519 4310 271 8691 6810 4871 5930 9244 1028 6228 5670 6885 4944 9091 2602 2701 4034 4496 3213 6714 9847 1380 6038 6789 4874 5259 3020 6469 2882 6010 410 3752 6671 7032 2443 3480
1902 4724 9076 2929 952 4745 6165 2247 187 8766 1300 4220 9614 864 7286 9460 8595 3323 6248 3468 4933 5619 6289 7815 1628 6698 7918 8298 81 6712 8130 8334 1436 7205 7615 8739 8301 3779 7337 8488 2545 8636 2707 2158 9499 6344 1617 4446 9666 4216 7913 4599 9834 4201 8765 7814 7250 3034 2463 7330 9746 592 5664 7533 4148 3278 6271 8801 3408 9959 7288 5952 8595 6346 4461 4445 9042 2429 8890 8707 6644 6803 9657 6478 7355 4773 4291 4605 7807 3105 1934 3904 3697 3949 1436 4196 3578 4058 2996 6986
4016 6635 9289 8962 9333 3750 9759 8374 6178 5000 3432 9174 8154 9441 5651 5509 565 6293 113 4723 9397 8398 8626 9445 2347 6413 9993 2276 6822 2988 9261 7190 5975 4902 6151 5307 8651 2261 32 1180 7261 3463 353 5414 9255 2355 922 9820 4999 1034 4542 748 5784 9520 192 8130 5932 6536 6757 2754 9524 2370 9943 5498 7271 2445 7156 2273 4706 7187 9804 8318 7001 157 3731 6256 8863 1005 6075 3862 8390 6968 961 4173 6487 7504 8654 2419 4040 5411 1524 3563 7780 7818 5412 5050 6614 8919 3674 1319
6105 3477 5988 3105 9985 6071 5712 8848 7075 1786 9061 1816 8754 21 5989 5240 7524 4642 4010 1563 6404 5533 1477 4183 9702 3240 5584 6316 2158 9257 3986 8262 9086 9974 7719 9070 6044 3430 7917 9470 1568 6977 1285 6673 3349 3625 1912 873 8267 2274 8787 1022 4158 264 5205 3860 3503 7140 6527 2013 2749 512 274 1834 6837 4344 903 9232 4126 5172 8701 5693 8500 6338 2365 1849 9962 628 9073 8228 9253 7859 9250 3411 4474 806 3622 4329 4297 148 6341 7045 7011 2966 5230 3848 7310 6133 3079 7787
7656 1780 3479 6155 8117 2195 4355 4430 9174 3427 9010 8427 7638 8259 8189 8463 5416 1810 2791 9712 8309 5483 3109 5319 8449 8338 9166 2110 822 2245 9896 8477 376 9726 4632 4844 8272 8986 9273 7445 8765 8282 5871 6402 2892 4059 4864 8307 2220 4007 4371 528 9489 3831 2199 4289 2168 1364 2750 2990 9960 8997 7818 6687 8722 2449 1530 3345 7787 803 790 6551 9084 3012 2952 8328 7071 4167 2986 5642 8173 7356 2522 4014 7538 4720 8302 9706 2435 7404 9047 8747 6400 6864 5433 1474 5665 6963 4818 3451
4117 5607 6353 9552 8619 5656 7879 2041 9822 865 7682 4347 4572 6555 8360 2110 7626 3013 8167 6413 416 7213 5159 6816 428 6943 8289 6092 3905 9458 5894 4373 5065 8598 3925 35 4253 1803 2075 427 2667 6108 4773 7239 9015 9484 5700 6640 2496 3866 3052 9264 1078 4562 6079 7857 1505 719 301 1761 176 2546 6134 1592 1144 6410 1626 1748 8212 3700 2174 7231 6160 3298 821 5174 9133 6520 1813 7981 385 1217 7244 7814 2130 3322 5670 3634 392 5970 1747 6919 8516 4232 8511 9659 641 136 7758 5204
188 6284 2434 6347 9581 3254 1520 5066 6125 9684 3046 6509 7252 289 4322 9382 9962 9992 3015 353 2313 1113 7271 828 5344 2133 6838 2336 2269 948 7540 2456 7231 9973 8802 6811 9579 6673 8228 5703 2708 1273 8564 9960 1561 2885 9341 7874 9228 8707 4578 7893 9820 8201 5072 1515 333 1910 3851 2601 9209 1390 1408 6439 7714 209 9601 3644 3233 7829 5699 5941 9101 4262 2252 7014 3498 1592 4887 9078 6650 9465 6970 2821 4017 2041 688 4349 302 4538 6950 9510 2279 8357 2300 6344 4918 1901 9988 4502
9729 5686 6794 5181 6299 9045 2194 9796 6988 3433 5225 3638 9249 2194 2810 3265 587 3497 7613 7240 4386 914 3102 6664 5623 5401 9360 540 7301 9347 5041 3381 1384 1835 8562 4034 7231 7107 181 4219 6891 5406 4208 2491 3951 7017 5755 4537 514 9720 8129 4899 6985 1230 7915 2607 6630 7274 3146 3931 2972 4539 7311 707 2725 2224 4740 9955 5683 4920 525 2573 6677 4732 5064 628 1749 7170 1516 8614 3241 9644 9864 226 873 4130 2832 7503 1403 2330 7785 726 3220 1447 1432 5944 23 2523 2250 5705
7443 2775 8277 4119 7506 9692 1098 5606 6862 2614 571 102 2257 435 6679 3130 916 5863 6984 8671 8192 1120 9396 7763 2566 7180 3706 2588 9702 5955 8292 3496 5081 2921 3967 2587 2612 5064 4544 5825 7677 5115 5927 6286 1901 8957 5767 2816 4819 2750 1486 9362 221 7234 7124 2786 4413 829 1726 4114 3136 6369 3962 4568 5641 7928 3506 8253 9343 8050 4077 7020 9516 6355 9657 1416 5312 5423 583 6482 4524 8421 5844 4744 5654 2967 3881 66 148 5606 531 9635 8327 4492 4202 3967 8771 7708 8571 8114
2109 9000 1485 1624 5354 1141 9391 7017 6563 6325 3499 7438 4745 5694 2181 398 8660 6061 6815 5159 8019 7346 1145 2697 8189 1699 3015 6960 5758 1586 1425 7866 6937 9261 5841 2290 401 1583 5659 3315 7907 5509 7104 2652 1202 9284 9401 6213 1696 6216 1372 9714 3561 8868 2410 8101 566 1777 1412 6323 3362 9188 4188 298 8448 6380 8939 5200 7962 949 4866 2221 6457 1969 1224 7658 1252 624 223 2948 6839 7946 9013 6751 6813 1423 1204 7379 3199 2615 53 2912 1803 593 9561 6602 6972 4851 1802 1286
5800 6667 3506 2256 8636 4729 6266 6239 1704 2840 9186 4895 785 8199 7997 7597 5973 9200 1327 5523 8167 1380 4786 6321 1972 698 2922 5295 5548 4723 6580 1347 7742 6437 9955 6377 1165 2572 8967 2869 5411 8153 4115 2547 2703 2111 143 5027 1311 7822 549 5829 5553 1686 2149 3876 2383 5070 9170 7930 6145 2102 5629 238 8538 1935 2966 6055 4506 1932 5275 6268 84 9389 8814 9138 1499 5308 4164 9161 9481 4712 4989 5033 6397 7137 5260 5131 8559 4430 3061 1055 2883 8689 1292 1420 6975 4257 7474 7832
6188 2748 4099 2624 8488 9264 1761 9987 923 5925 9147 6756 6988 4136 1788 9737 7624 3400 4867 6182 4181 7927 7236 7063 2967 4879 8482 9941 9135 2308 4124 1675 1407 4574 4298 9895 3837 6058 6233 1112 8334 5379 7867 5322 5866 6006 1410 3490 9405 6276 6023 3585 555 9611 6999 9873 4489 1833 9814 3624 4140 289 5298 1898 4863 5947 8144 8699 8356 4376 6162 6690 6107 4028 8363 1972 6386 9772 1813 2142 6047 7836 5727 6601 7446 2725 6474 1934 909 2639 1909 5048 2927 3558 3298 7789 9504 7793 2840 7860
8521 5353 901 4627 5733 9263 2950 2118 9034 4763 4259 1432 8950 6337 4385 2747 5414 7210 1032 6322 6200 2941 7722 5478 2850 7371 9619 8706 5163 8810 2917 3683 4162 3817 4661 9894 9431 3963 2011 4816 5077 2622 6247 4026 5310 631 6772 723 4192 7803 3397 391 7095 7470 5869 6297 4840 5487 1354 2 648 4270 37 4809 4438 1049 4703 3868 5011 3065 8683 87 5686 1281 4112 7348 8264 7235 4422 2455 1390 7818 9198 4836 5287 5066 7484 6478 6904 8837 2832 7551 3106 9220 8711 3895 268 3413 4114 5279
6478 2796 5365 8515 429 5829 2214 8692 9415 6636 7498 804 805 6695 1992 2444 8112 9475 8921 1367 8312 1752 8917 7769 971 7628 1664 7591 7392 5777 2869 221 4925 4585 5088 1705 413 7301 396 9828 288 4245 6983 1093 940 8974 3536 9051 8449 2456 418 6760 560 5686 880 7882 9665 2543 5472 3409 4672 4692 3629 5948 9277 5068 4004 9689 2369 4399 5868 2656 4995 2851 3748 5934 1824 3635 1337 272 2443 1754 3383 9354 3791 4263 7235 3456 3157 9059 6864 4180 3750 6844 6479 9378 1912 482 5419 632
1232 1286 3287 6227 4136 3387 2160 2312 3373 9848 8935 5815 1601 8670 5168 5392 9284 8755 5199 2440 4165 8414 2972 4266 1609 9450 3644 3520 6284 9062 503 7515 6699 142 93 7187 3528 8605 9498 3252 8452 4784 9067 6405 3453 586 8148 9088 5692 3346 1528 9856 8111 851 4122 9719 6652 4117 9591 9287 9530 93 3154 6228 234 3246 3414 113 8202 9263 3365 6654 4047 8783 3058 3851 9368 1205 2939 5060 902 818 4915 9012 8020 5388 5082 4671 9504 4672 3958 9033 4765 7111 1613 1350 6708 5026 1463 4910
641 4827 1563 4687 9961 972 4889 9328 8528 7827 739 9429 4996 2006 4792 3015 7393 6225 4038 3249 897 7995 8633 2013 1457 245 3362 8164 1623 1176 9425 2263 2354 987 3301 2314 8310 4541 7994 6837 8720 8732 2617 3715 737 3760 3082 4482 9985 7119 4082 7233 1465 9066 5597 2921 5663 5310 7436 7285 6486 6861 5899 8839 4199 5551 7505 2509 91 5498 5697 8810 4229 4666 2525 1318 4777 5606 5799 1113 9076 6232 4697 540 5297 293 9812 959 1955 7247 8243 8440 459 493 3630 4658 6043 1134 3518 6134
6631 5566 4943 7212 6583 3819 8529 1360 5776 4327 2472 4851 558 3521 5390 2206 3813 5201 3165 2119 8800 7759 558 9258 8252 540 267 4294 1673 3784 6779 4656 5702 1722 1867 2284 1892 395 9995 7668 1073 8819 2518 7982 2339 7908 187 2503 9460 3351 4622 8259 1110 1531 3869 5713 2070 4135 6 95 4271 3137 4750 9972 1210 6616 8607 3101 3362 8602 768 786 7420 9638 8767 9758 3897 5305 2260 3356 5008 3233 7967 6117 4764 1835 1829 6833 2321 8186 6927 6591 1322 1676 2914 2531 4643 1521 1984 4356
122 2751 5141 3893 2388 259 3650 2636 5564 2261 5992 6923 5494 310 3039 257 8496 1219 7089 816 5756 368 3759 3430 8395 6672 2312 9390 4544 4295 3745 1017 3398 5238 4909 2137 5496 8558 4773 7411 7171 7116 4333 2664 7425 3723 2920 5920 1293 6360 3087 7049 3079 6845 6830 1474 9869 9141 863 4412 3436 959 5429 6833 6196 337 5321 1692 5247 93 5454 2417 7208 6139 1432 4632 9861 4351 6903 1154 7062 9990 4554 141 3186 1383 7966 3054 523 8828 7466 310 6138 9246 3494 2334 5934 8815 377 1180
8907 5830 9948 2467 1968 1379 3450 8181 2081 6705 9334 5495 6694 239 1987 9879 1621 9952 2933 8495 5131 6750 5157 1268 2347 8650 3601 8280 3816 329 5812 9075 6159 5759 1541 4478 3490 1342 2658 5570 8046 8343 1064 4739 8581 9402 970 6553 9353 254 1400 835 3355 6556 8455 5701 1557 8407 3980 5373 8736 9791 4447 4894 1902 2339 5723 5391 3680 8381 7312 1726 3075 4728 2816 8008 4129 3785 4560 9834 390 2311 668 3744 8866 9122 9444 423 7529 9776 2147 6264 5918 6593 7509 7819 8931 9583 9561 8962
4315 3225 687 7390 7952 3503 5397 8432 3639 6308 8265 4029 8619 5285 4124 3836 758 9920 4258 8286 9695 6404 901 1964 9348 4761 6135 4630 696 5695 9944 5010 5271 630 2399 3222 484 4147 8006 475 455 6270 855 5425 1554 4978 9260 2312 4897 9870 6949 943 2625 4202 9259 8325 5314 5393 2954 6009 7439 2897 1019 2710 9879 9769 5931 6714 268 288 7188 7074 6558 8042 2498 4463 9372 8109 3126 620 7978 6427 1563 603 628 821 8927 2293 2565 8232 4654 3 7481 5672 2712 3711 1792 4995 424 2059
5282 7612 9132 1839 2005 7981 2654 1376 6090 5779 1996 4067 2205 9910 1021 9184 7082 6299 7829 9646 883 2482 9648 4715 4505 2360 8425 6296 7354 8848 8355 2635 2811 3838 826 4816 1819 3479 6191 7908 5609 4538 8326 4166 4447 5699 3349 1528 8349 1177 1173 9231 10 821 3945 4514 9532 8721 810 6885 7569 5516 5871 6731 5705 3048 1546 7523 2878 4089 1782 8487 8626 6460 9004 9425 8510 2352 7304 6858 9881 8477 2441 6242 5649 6385 756 1532 1458 1565 4768 9026 3432 638 5756 9136 38 3654 3011 2915
4094 1144 7753 9071 7603 3108 8495 6112 1812 5799 9322 8044 627 1762 4285 2627 4498 5040 4158 5955 2956 8925 1332 6387 5914 7088 1875 2303 7093 4885 1570 1186 6028 5674 256 9983 8782 5103 2446 593 7253 1767 8636 4231 3528 2920 6857 4378 7960 7366 332 7267 2642 1664 3654 4907 5103 1880 3562 2195 6764 5131 9732 9143 804 9987 5477 5937 1441 7923 6529 8693 6041 1516 2923 5921 788 6131 298 5099 3496 6981 2365 2489 8644 6018 7396 98 7897 957 2292 1012 2439 2023 6507 9594 8362 1983 5531 9802
6257 8411 4847 8650 6279 7769 922 7066 3900 1219 2164 3747 4551 4528 2588 3195 6898 6335 3292 1146 3643 1936 8510 6081 310 5016 5674 5023 3350 7556 1177 5959 5967 6023 4608 8597 143 5529 5662 394 3099 7825 4141 7649 8704 6728 7195 1953 3062 6839 3099 6704 5126 1608 9136 5435 2975 1161 6810 2676 8717 7986 8634 1035 360 3241 9631 502 5121 5292 896 8219 9468 1388 2220 4523 4467 5766 6476 3880 2604 9574 6935 7729 7533 6070 9516 6859 7230 2677 9534 2298 662 8168 3332 1021 7760 9314 7874 2881
4605 5121 7451 424 6508 9670 4947 974 5436 1422 1205 4391 7347 8139 8472 1231 4208 4339 4441 7790 7015 326 87 7676 8493 9771 5048 2605 9084 9273 5485 41 4394 2935 464 901 8957 1762 8227 744 9535 9431 5134 3233 3922 9957 815 4481 4295 1607 2270 1309 1933 8709 5336 425 8479 6735 3029 3914 6008 4865 3954 6753 4152 770 7653 3108 8883 2231 3851 4770 8014 5336 8002 1935 1645 5169 6415 5939 6775 5037 3600 8707 3745 5287 5484 8575 8374 4864 8840 733 9729 2794 7485 3880 9915 1489 3339 8797
3720 3541 9918 8085 5228 7920 6371 6872 9440 2785 9163 6214 4173 9114 1273 4269 752 6756 9195 9125 1619 8035 9857 7699 828 7341 1578 7094 8830 1268 2242 8901 4808 2160 6985 36 6431 3355 3259 5870 2491 2421 8435 3016 1534 9707 7284 2286 2814 6479 7762 4433 865 7619 2131 8044 1311 61 5137 6492 7680 7378 1744 2488 5889 5080 8875 2319 4786 2133 4540 3629 4554 2975 6644 2439 2681 279 4724 1847 3109 8838 6279 3973 2808 4761 2016 4118 1173 7152 6962 8853 882 8705 7692 6770 137 6566 5441 4922
8698 9980 8550 9603 2954 5193 2042 1987 1824 3117 3833 4932 1954 6463 8905 4761 7575 920 5231 5100 8072 8544 3952 5305 3600 7995 2074 3736 4560 7514 8658 9609 3846 3559 9212 6799 5104 1253 5137 6927 721 5321 1858 9027 1783 762 3787 5710 8034 5369 809 6105 3912 1112 7761 7512 9106 6186 7599 3665 52 6256 3273 3897 9815 8836 7047 4918 88 2184 8196 7161 3856 53 6187 5639 7167 6325 7700 5200 1694 8508 7656 1957 9619 5416 5820 5076 1601 3419 8740 1652 9674 8364 1900 5840 7200 8947 7109 3639
7482 5304 799 1337 1709 6985 3327 8875 9662 1026 4074 1355 5885 1729 9663 5503 3496 5483 578 1448 8901 5669 3100 4926 385 1351 7118 7584 297 4226 1222 7778 5882 8373 9115 7590 1709 8793 2816 1370 9819 3241 9076 5703 4969 8739 7558 4816 4221 4487 6263 3121 6508 5714 4398 6892 7065 1515 4475 7361 2093 2048 1491 7974 6772 6957 1915 8481 5749 1082 9850 5567 4322 8926 7622 5642 7664 5179 457 8236 6017 3071 1356 2524 8785 2105 9415 5849 3620 3889 9561 5712 2289 7403 37 9060 4359 8303 7540 108
9384 3742 2026 3705 9019 9647 9346 3034 1177 6154 1269 7194 9224 8976 9717 8008 1080 9132 208 4699 9372 6121 6762 8012 3523 3150 7072 4234 1452 963 693 7187 4704 2718 891 74 8717 6588 3107 9893 2741 4375 3438 8317 3350 3155 2676 4430 8638 2884 5480 4361 5356 2242 2373 5230 5391 5796 9463 3195 6758 155 381 7814 9225 7624 4239 7941 4211 7346 4185 3304 8072 7623 1620 7774 7129 4295 8555 2118 3530 4034 2830 5237 2627 1554 467 4370 7349 6281 3916 459 2788 4296 4624 8364 8271 8862 6304 2482
2559 6840 2137 631 814 108 8404 7942 754 6958 6411 636 7343 9241 5872 6322 794 2690 691 4495 5323 4606 1305 8110 5253 5928 2825 3524 1141 5480 2357 3700 2319 845 4330 3133 952 9085 7426 1705 2394 3837 2340 6088 3077 4564 2409 222 7253 3099 1068 2575 4056 2372 7036 9309 8299 9860 9184 5792 5339 1540 9491 4010 2384 172 7142 9687 9256 919 7743 8001 4755 6435 4088 4183 998 6497 757 8250 5947 1824 7177 3 4196 4212 5663 8846 424 1198 4637 2114 9089 479 6123 1472 650 9616 7510 6257
6887 5252 4257 1641 8038 4697 2176 9035 7545 2932 3637 3491 4755 813 9845 5302 1376 1859 500 8151 3056 5136 6617 2144 5615 2739 9967 2616 8707 7476 8873 5593 9080 9481 3585 7117 529 5760 2504 8073 5043 6140 1564 9798 3304 7760 1451 1031 9619 1950 5534 2674 3438 2150 1170 5404 1240 1136 8019 9946 4964 3243 1890 395 9076 1827 3863 9604 3938 6366 7677 8981 8857 5592 5130 8512 3351 2932 9543 9321 4882 5076 8347 4671 7225 9516 74 8464 7003 4444 4762 8318 7687 3003 8712 6762 1181 8927 2717 5119
1644 393 451 501 2336 1932 9012 2039 4863 4906 1359 9744 6333 9705 4414 9909 5572 839 4725 8927 5283 5838 7244 9321 5192 2308 6082 6373 7586 5150 7843 9229 5543 8293 9729 4230 6576 5093 6268 1438 6350 7627 7534 2683 3683 1947 8943 5607 9138 3667 4533 4420 9504 8128 92 4696 435 2525 7420 8020 7674 5262 7249 3216 9906 3329 3798 6481 4773 65 4270 7475 7691 1803 6509 7726 102 5451 3332 9239 5470 7864 10 4973 5991 101 6020 2778 2625 9791 7149 298 5052 749 9866 1309 430 3663 4141 5202
3727 8411 9028 7770 213 5536 5495 314 987 5178 5904 2808 9393 5913 7780 1735 6013 152 4512 8637 9942 8013 5287 1346 8761 5152 9006 9190 5166 3147 744 5244 7909 9771 3013 8121 1659 4859 4787 8997 36 690 1804 5780 6603 5935 7515 8967 6086 8378 3956 2380 6390 9242 77 1503 745 9082 692 2262 8580 7787 7505 6488 3910 518 961 5568 1728 2099 4564 8116 9140 6367 3895 5742 2301 1409 1061 4739 9787 1368 3470 2528 6961 3546 4030 7705 8979 1074 6318 7559 5212 3822 398 9121 4339 7710 4688 2419
9808 5603 534 8948 1969 4428 1041 622 2189 2101 5360 8327 3468 5181 854 428 8726 1236 4484 7704 2309 801 1614 3872 975 2012 2993 5313 9721 4032 4083 9529 9635 4616 4828 1603 9044 5868 8576 7584 4321 287 5910 4140 5467 6763 920 4192 4350 1755 8248 6658 2556 9861 6882 3530 1872 9874 5194 1593 3905 5629 7473 9891 244 2300 7846 5639 4519 6421 3222 8839 6708 9131 2979 2174 2246 3898 2718 6595 5652 965 9605 4559 825 6486 4440 9049 2711 5986 6993 6615 1614 4465 2858 8209 3116 703 3848 7634
7123 3421 2825 3830 2552 5803 2356 1149 6052 5073 7743 8055 6037 3699 8966 3213 184 9757 2261 2894 5742 9253 5861 3707 69 8718 1916 9536 9420 2115 7170 2894 5535 9994 6724 4438 2148 9079 5586 4551 503 9681 2605 6539 3379 7922 6103 3563 7679 8364 2808 3420 3968 5020 3479 389 89 5394 9924 5860 7508 3445 8754 3042 9790 1829 3832 1937 7259 9417 6487 7761 9097 5444 651 2476 3365 6753 2390 7395 1468 1549 815 5436 2921 645 2176 3009 6038 2099 8869 9897 5544 3974 9290 5333 5802 3121 3622 3060
2538 6460 820 7986 1903 7822 6813 1620 4574 9202 9014 6042 7103 6180 7829 23 6824 4 3031 9213 8454 8251 9109 3997 8576 4751 5682 4377 7871 9303 3788 6760 5762 959 4746 4017 8780 1558 1988 3354 7112 1001 5747 4214 3533 9927 4236 6708 9930 3618 5921 8383 8221 1381 8732 6796 6131 4413 7525 4002 67 1312 761 2180 2271 1858 2548 1050 3416 4535 755 527 1888 6501 1092 5420 2779 1679 8479 2708 1648 4399 7443 9868 2132 6174 3016 8262 6938 540 8615 3356 8203 9376 5535 473 1233 8083 7875 1000
8969 8629 7878 856 1482 8969 2627 4260 647 1106 3320 2295 1856 762 8514 3987 3287 7881 2249 6576 8420 863 9931 6623 6590 5465 3447 4175 9899 1321 1526 8868 9950 9404 6075 7783 8372 8702 2042 5371 6159 1713 4017 4366 2474 2530 8353 2112 411 6953 8687 5182 4167 8617 8156 757 434 1603 1283 6684 9275 2808 1903 5576 2211 7978 3358 6935 3031 1752 2305 5541 3464 6321 9906 2290 5202 8258 4401 1964 1562 9440 7146 5729 4408 1653 2837 4841 9607 4119 7877 8882 6926 9779 4457 5489 4108 7815 2423 7138
5918 4727 2678 5733 7399 8936 8022 2600 3545 8775 4564 5107 4566 8061 835 8973 9713 3671 166 5672 4141 8042 4553 7418 4172 9009 2906 8280 3175 5328 1769 5444 6406 4447 1177 156 9734 5550 9108 3278 676 23 8384 5241 8083 5570 4214 4147 5592 4379 9818 9732 8772 722 7150 2943 6083 6407 1222 5609 8087 2991 1053 844 3789 2229 1000 9874 4130 6459 3151 4806 6481 1535 46 4563 3456 611 5061 9048 4989 1231 5131 112 1952 8632 3055 8034 5039 628 3643 9477 9970 1047 320 110 9627 7671 9983 3756
4129 3134 4913 609 1020 4959 1523 827 1921 6584 9874 3262 4166 5005 3373 6117 9988 6427 503 5026 3407 497 854 9728 1543 1174 9838 7521 5196 6172 1276 9325 9305 2541 6285 6676 3851 7808 7503 5771 743 3728 9032 1260 5084 2405 7376 5072 5183 4230 6449 8589 1078 7303 8317 2620 8476 4506 6492 23 677 4120 9347 6334 6660 1984 9361 510 6143 6863 6280 6885 6943 5312 8144 2026 7716 1871 7097 9250 2453 9898 4191 3530 7200 8859 2502 2027 3364 8993 2049 392 3112 1396 6725 9771 9731 6086 280 5873
9300 2912 9109 6242 8223 3604 4620 2290 1826 8068 1539 4278 7965 2081 7808 5164 939 309 7190 654 5653 9239 1046 8765 6986 7770 4887 6716 207 5167 8940 5859 8078 8048 8452 2652 8003 3071 4941 9828 7491 2831 4106 5455 4912 8265 619 2202 4925 4160 2856 577 9750 3901 5693 3087 8022 580 9802 4581 5746 5093 439 175 9492 8890 9178 7494 8313 4118 7322 5803 3300 7779 1257 4563 6043 8227 6765 967 8739 9620 7895 8488 9872 3588 1575 7893 4167 7728 2473 6264 2821 9263 2790 8664 8153 1967 6158 2817
2436 3479 8619 5735 1257 6227 298 7299 806 3414 4617 9544 3033 2511 4383 2904 6098 2309 7148 6616 37 5973 2879 9209 5235 5668 7872 9739 7634 4029 2555 6421 3859 7525 2156 5115 3752 8805 8765 4557 2218 9733 452 1602 2244 4834 857 4693 7143 8004 1309 3531 328 539 9091 5563 6207 3314 5301 192 7343 4208 6613 7553 1732 5120 9020 1835 276 4136 2743 8845 3869 3194 446 2464 4380 7654 7156 7874 2009 4816 7756 2337 5355 6846 7899 7913 159 9551 4456 3853 110 1068 7758 8194 2539 6777 28 2814
912 9123 1658 4780 8668 8455 7243 3047 6108 751 7272 8117 1918 5027 6805 3624 8224 1055 1536 8383 6957 5992 8587 7067 3411 6344 1612 5950 3120 7991 5115 384 7113 6773 5163 5781 5227 8758 5179 7687 5860 2451 2155 7777 3829 8959 1401 2053 6365 9288 6787 3321 1631 5373 6739 5042 8069 8350 7343 7540 6341 2457 7923 3453 5581 9438 9233 7160 8195 764 4846 4054 3214 3352 8182 3394 8662 9582 5446 5026 5222 2232 8346 6852 3957 5085 8245 2025 3434 1939 9564 6126 4396 3839 9579 6328 3276 5163 3487 1470
5926 4684 1875 5491 8035 56 8885 6696 5990 682 1721 1211 2914 6419 4414 3222 1503 2659 5246 1288 4597 1161 7414 5344 4999 3344 1672 8274 4858 5158 6095 784 9842 7969 2626 4228 4377 7862 7276 366 8544 8996 7928 1457 5414 2341 1030 3268 1351 2627 908 5948 3787 4673 1291 5138 8016 9314 9763 2873 4472 2210 8 665 178 8986 1244 906 6847 8519 7623 5390 3867 5550 3198 5632 4243 4227 8900 5593 6853 6159 7892 6992 831 9183 2129 5198 8496 8243 4422 9319 452 782 6335 6982 9767 7579 7887 2965
2449 5510 8355 6315 7411 1552 1947 8005 2131 7198 3598 8983 3356 1489 5974 538 7023 4454 5735 1871 9049 156 7541 9500 7289 228 2833 7055 4158 7072 20 6606 8933 4726 2921 6343 2629 4867 4348 4759 2064 4297 94 1771 2137 2419 2308 9160 3225 8042 7382 2273 4549 4922 8124 8190 5149 957 1596 9306 4380 7967 5912 3312 2692 5184 6006 5321 6402 6705 6431 8465 1001 6524 6587 3138 5295 8894 8649 8519 3287 6030 791 4187 951 5266 2376 2452 2574 3972 1757 6953 1938 4020 264 982 9203 6270 2654 5604
9326 5436 420 327 1960 3358 9816 3606 2251 8464 2124 1889 845 9266 6076 8147 4531 4803 598 3457 5126 8707 409 3416 2726 7025 4397 8281 9646 7050 236 8971 8837 7008 5649 7148 365 5464 753 8968 279 2876 7208 7475 8493 9635 5622 9376 4438 6219 2832 9563 1277 9592 2978 4003 2968 3726 8635 2613 7127 5222 7936 5964 2229 3584 3111 8946 5400 3864 4265 2030 3091 1472 9505 1584 1107 5126 959 5544 7696 142 1458 8973 9733 788 9327 9053 4513 7961 1665 7992 9534 5952 3955 1763 5888 7065 7060 1287
7280 1324 9668 371 2795 9172 8306 253 4297 9264 2148 8345 5757 3606 7317 1841 745 2995 893 1609 955 2558 9600 488 4861 3554 8602 748 6971 5661 8386 4250 3336 8054 972 2483 7225 9277 2735 7874 4892 4883 6218 648 4840 9886 2489 5584 2880 9733 3544 186 2290 3144 7025 3503 3049 1979 4250 19 3991 2636 621 7327 7041 7944 9809 4265 3573 8895 8490 8464 129 1059 5464 4968 7296 4304 6903 175 4036 447 6712 2678 9942 3737 6180 2990 5715 6781 9361 9705 5768 6333 3383 2808 4276 9543 3425 7848
